[gd_scene load_steps=4 format=2]

[ext_resource path="res://scenes/debug_grid.material" type="Material" id=1]
[ext_resource path="res://actors/FPSPlayer/FPSPlayer.tscn" type="PackedScene" id=2]
[ext_resource path="res://actors/CashMoney/CashMoney.tscn" type="PackedScene" id=3]

[node name="World" type="Spatial"]

[node name="FPSPlayer" parent="." instance=ExtResource( 2 )]
transform = Transform( 1, 0, 0, 0, 1, 0, 0, 0, 1, 0, 2, 0 )

[node name="CSGCombiner" type="CSGCombiner" parent="."]
material_override = ExtResource( 1 )
use_collision = true

[node name="Solid" type="CSGBox" parent="CSGCombiner"]
material_override = ExtResource( 1 )
use_collision = true
width = 112.0
height = 4.0
depth = 100.0

[node name="Carve" type="CSGBox" parent="CSGCombiner"]
transform = Transform( 1, 0, 0, 0, 1, 0, 0, 0, 1, 0, 1, 0 )
material_override = ExtResource( 1 )
operation = 2
use_collision = true
width = 110.0
height = 4.0
depth = 98.0

[node name="CashMoney" parent="." instance=ExtResource( 3 )]
transform = Transform( 1, 0, 0, 0, 1, 0, 0, 0, 1, -3.93029, -0.208648, 4.2324 )

[node name="CashMoney2" parent="." instance=ExtResource( 3 )]
transform = Transform( 0.682201, 0, 0.731165, 0, 1, 0, -0.731165, 0, 0.682201, -4.78144, -0.208648, 2.56496 )

[node name="CashMoney3" parent="." instance=ExtResource( 3 )]
transform = Transform( -0.0797099, 0, -0.996818, 0, 1, 0, 0.996818, 0, -0.0797099, -5.07967, -0.208648, 0.118921 )

[node name="CashMoney4" parent="." instance=ExtResource( 3 )]
transform = Transform( 0.977585, 0, 0.210543, 0, 1, 0, -0.210543, 0, 0.977585, -4.57043, -0.208648, -1.88909 )
